{
  "A": [
    [
      [
        2950.6673729822874,
        -287.289555549622,
        204.02727909905556,
        251.90920510986368,
        309.86942073608566,
        -1022.561722108282,
        315.1208021387945,
        -977.2067287948705,
        -1130.1974227436408,
        -639.1224237631126
      ],
      [
        -287.289555549622,
        221.0,
        -42.75999999999997,
        -46.86150619506831,
        -30.85100173950193,
        132.5,
        -81.68839768071949,
        68.67903225806451,
        102.42857142857144,
        122.58079399408355
      ],
      [
        204.02727909905556,
        -42.75999999999997,
        79.60639999999987,
        -2.8776002807617123,
        4.646101272583009,
        -61.75999999999999,
        -21.407189971565696,
        15.261806451612904,
        11.308571428571417,
        22.596812091381363
      ],
      [
        251.90920510986368,
        -46.86150619506831,
        -2.8776002807617123,
        215.76577716144016,
        74.42620651260408,
        -254.60675441742006,
        266.49503111924486,
        -293.30407058489664,
        -366.66773900568546,
        -370.55123925937346
      ],
      [
        309.86942073608566,
        -30.85100173950193,
        4.646101272583009,
        74.42620651260408,
        136.08534036403015,
        -163.6655079269417,
        132.9586370426158,
        -322.73145950643726,
        -338.27996949626663,
        -160.73723947301832
      ],
      [
        -1022.561722108282,
        132.5,
        -61.75999999999999,
        -254.60675441742006,
        -163.6655079269417,
        1130.5,
        -353.48726473434357,
        585.440604042729,
        701.5504490564418,
        559.4962116351728
      ],
      [
        315.1208021387945,
        -81.68839768071949,
        -21.407189971565696,
        266.49503111924486,
        132.9586370426158,
        -353.48726473434357,
        727.6283542244316,
        -464.9812744076701,
        -484.1440951466779,
        -638.4657160561544
      ],
      [
        -977.2067287948705,
        68.67903225806451,
        15.261806451612904,
        -293.30407058489664,
        -322.73145950643726,
        585.440604042729,
        -464.9812744076701,
        1088.172019384904,
        1093.3480658421922,
        636.5991816939667
      ],
      [
        -1130.1974227436408,
        102.42857142857144,
        11.308571428571417,
        -366.66773900568546,
        -338.27996949626663,
        701.5504490564418,
        -484.1440951466779,
        1093.3480658421922,
        1294.946554558348,
        793.4823933512671
      ],
      [
        -639.1224237631126,
        122.58079399408355,
        22.596812091381363,
        -370.55123925937346,
        -160.73723947301832,
        559.4962116351728,
        -638.4657160561544,
        636.5991816939667,
        793.4823933512671,
        981.5759612784731
      ]
    ],
    [
      [
        158.44289457233035,
        -5.343866370973138,
        35.89262368338445,
        -6.234498675700491,
        -9.15429988886478,
        -111.4176426615032,
        22.951734540656833,
        -3.231201084057031,
        28.230900254272242,
        -23.73102431756121
      ],
      [
        -5.343866370973138,
        309.6111111111111,
        9.933333333333326,
        -85.289749832153,
        -28.945417340596418,
        149.91666666666669,
        -210.53717764494402,
        16.035739662636225,
        164.53032541828907,
        74.63777923068542
      ],
      [
        35.89262368338445,
        9.933333333333326,
        139.0832000000002,
        -27.83889846496583,
        -26.950078555297893,
        29.939999999999976,
        10.355845246207991,
        175.09435915808277,
        120.39362691313252,
        148.23616868257588
      ],
      [
        -6.234498675700491,
        -85.289749832153,
        -27.83889846496583,
        71.38291313291217,
        15.909714701732641,
        -62.48274667739867,
        117.17937988230823,
        -19.063562370907086,
        -72.4299149687096,
        -93.2258981939366
      ],
      [
        -9.15429988886478,
        -28.945417340596418,
        -26.950078555297893,
        15.909714701732641,
        53.501729806625605,
        -15.142499389648524,
        26.067926717928206,
        -104.58332377755998,
        -82.09468501672859,
        -36.026913010309485
      ],
      [
        -111.4176426615032,
        149.91666666666669,
        29.939999999999976,
        -62.48274667739867,
        -15.142499389648524,
        350.25,
        -161.8002897863521,
        76.8296641289744,
        47.44761865137155,
        174.52300700600588
      ],
      [
        22.951734540656833,
        -210.53717764494402,
        10.355845246207991,
        117.17937988230823,
        26.067926717928206,
        -161.8002897863521,
        372.8407952040228,
        -1.4063498125826461,
        -148.94796061029925,
        -189.33100524054444
      ],
      [
        -3.231201084057031,
        16.035739662636225,
        175.09435915808277,
        -19.063562370907086,
        -104.58332377755998,
        76.8296641289744,
        -1.4063498125826461,
        439.55136258776827,
        273.76244017758,
        195.53295904902558
      ],
      [
        28.230900254272242,
        164.53032541828907,
        120.39362691313252,
        -72.4299149687096,
        -82.09468501672859,
        47.44761865137155,
        -148.94796061029925,
        273.76244017758,
        389.70511583210265,
        153.12578247217297
      ],
      [
        -23.73102431756121,
        74.63777923068542,
        148.23616868257588,
        -93.2258981939366,
        -36.026913010309485,
        174.52300700600588,
        -189.33100524054444,
        195.53295904902558,
        153.12578247217297,
        384.43099430540144
      ]
    ],
    [
      [
        325.38177598784273,
        -136.67174346106378,
        52.374345632280765,
        28.630198060920435,
        23.801610253684128,
        -136.22753861972222,
        137.71594101960616,
        -28.37267443119606,
        -39.30577810795485,
        -54.77458799173825
      ],
      [
        -136.67174346106378,
        177.0,
        -50.47999999999998,
        -43.618497772216806,
        -46.66650131225582,
        146.0,
        -157.8366606170598,
        -6.0,
        59.836660617059835,
        29.99999999999999
      ],
      [
        52.374345632280765,
        -50.47999999999998,
        56.868799999999915,
        -4.72804098510742,
        -0.22572128906249422,
        -34.87999999999997,
        49.22032667876586,
        68.55999999999997,
        14.139673321234115,
        49.83999999999998
      ],
      [
        28.630198060920435,
        -43.618497772216806,
        -4.72804098510742,
        38.126276625976786,
        20.215046141113348,
        -48.54499881744385,
        52.3794935951004,
        -26.981552194483182,
        -44.73378171354247,
        -59.33415694049267
      ],
      [
        23.801610253684128,
        -46.66650131225582,
        -0.22572128906249422,
        20.215046141113348,
        32.77905374957313,
        -41.264751815795876,
        37.608948462233855,
        -53.989013802557736,
        -57.05902241131884,
        -29.884907304509593
      ],
      [
        -136.22753861972222,
        146.0,
        -34.87999999999997,
        -48.54499881744385,
        -41.264751815795876,
        278.5,
        -187.12223390992207,
        25.963165266106458,
        95.23497994479101,
        101.92408869902472
      ],
      [
        137.71594101960616,
        -157.8366606170598,
        49.22032667876586,
        52.3794935951004,
        37.608948462233855,
        -187.12223390992207,
        253.148020505754,
        -11.483117708074563,
        -66.69645131785218,
        -112.81802403475324
      ],
      [
        -28.37267443119606,
        -6.0,
        68.55999999999997,
        -26.981552194483182,
        -53.989013802557736,
        25.963165266106458,
        -11.483117708074563,
        289.0214966967179,
        196.37408506052134,
        173.01386648304782
      ],
      [
        -39.30577810795485,
        59.836660617059835,
        14.139673321234115,
        -44.73378171354247,
        -57.05902241131884,
        95.23497994479101,
        -66.69645131785218,
        196.37408506052134,
        250.73362172014663,
        143.4105841260141
      ],
      [
        -54.77458799173825,
        29.99999999999999,
        49.83999999999998,
        -59.33415694049267,
        -29.884907304509593,
        101.92408869902472,
        -112.81802403475324,
        173.01386648304782,
        143.4105841260141,
        259.4949758595743
      ]
    ],
    [
      [
        316.8053445009022,
        4.92623117991857,
        48.8691092082432,
        16.43299605676174,
        -2.6760325489656474,
        -143.6286331244875,
        32.81475190214676,
        3.5045040008115262,
        -33.70782033245568,
        -4.9162207540002045
      ],
      [
        4.92623117991857,
        145.0,
        18.279999999999998,
        -15.335501098632822,
        -45.64300224304203,
        86.0,
        -123.6047619047619,
        48.00476190476191,
        74.64761904761897,
        60.95238095238098
      ],
      [
        48.8691092082432,
        18.279999999999998,
        74.25279999999994,
        -14.950900549316396,
        -25.403959396362335,
        -25.800000000000022,
        -22.938857142857145,
        79.37085714285712,
        69.4518095238095,
        78.83619047619042
      ],
      [
        16.43299605676174,
        -15.335501098632822,
        -14.950900549316396,
        40.39650344575525,
        20.74132175030516,
        -0.5674983596801836,
        65.40572231740715,
        -38.64959359617254,
        -41.74030000159846,
        -78.81882875015377
      ],
      [
        -2.6760325489656474,
        -45.64300224304203,
        -25.403959396362335,
        20.74132175030516,
        64.72938485720871,
        -9.341753273010228,
        30.983507883269823,
        -111.2935789622245,
        -119.05779806591218,
        -31.78812527041627
      ],
      [
        -143.6286331244875,
        86.0,
        -25.800000000000022,
        -0.5674983596801836,
        -9.341753273010228,
        307.25,
        -106.55153053937991,
        -20.514845938375345,
        29.147619047619077,
        38.9187574301362
      ],
      [
        32.81475190214676,
        -123.6047619047619,
        -22.938857142857145,
        65.40572231740715,
        30.983507883269823,
        -106.55153053937991,
        245.1140357849956,
        -12.603247221895115,
        -57.641342852304156,
        -192.33689332016644
      ],
      [
        3.5045040008115262,
        48.00476190476191,
        79.37085714285712,
        -38.64959359617254,
        -111.2935789622245,
        -20.514845938375345,
        -12.603247221895115,
        275.67467747883467,
        253.61753501400557,
        67.88134285230421
      ],
      [
        -33.70782033245568,
        74.64761904761897,
        69.4518095238095,
        -41.74030000159846,
        -119.05779806591218,
        29.147619047619077,
        -57.641342852304156,
        253.61753501400557,
        280.69723356009064,
        75.03133618296977
      ],
      [
        -4.9162207540002045,
        60.95238095238098,
        78.83619047619042,
        -78.81882875015377,
        -31.78812527041627,
        38.9187574301362,
        -192.33689332016644,
        67.88134285230421,
        75.03133618296977,
        270.61659186625144
      ]
    ]
  ],
  "b": [
    [
      1058.916141595954,
      -118.80000000000005,
      -4.152000000000001,
      381.47864693467716,
      234.2346635093056,
      -657.6762346321145,
      557.5910926107534,
      -817.1972440440196,
      -997.1518792721566,
      -890.7680010788315
    ],
    [
      3.13458464623545,
      79.2036692584336,
      20.487238122766584,
      -37.80586736488009,
      -21.49326475708688,
      -6.167420632068021,
      -43.08127254043515,
      62.742953278921995,
      139.55406454261117,
      26.626614478716355
    ],
    [
      -7.231517335042296,
      0.4543911097391383,
      34.57559499922825,
      -35.854680590380454,
      -29.933574357869297,
      9.49200656494616,
      21.888089831304697,
      90.03319166837213,
      72.93810008618811,
      91.75610579441098
    ],
    [
      39.48577877757249,
      32.22619047619045,
      89.42714285714283,
      -38.67427107100768,
      -28.89022218691564,
      41.61882752134212,
      -90.69005069749312,
      90.7361921022294,
      78.4734408478814,
      180.75655114382548
    ]
  ],
  "Sigma": [
    [
      [
        0.000845029401153346,
        0.0003765325883888876,
        -0.001885072784944261,
        0.0008232635664531914,
        0.0004054631770126745,
        0.00029441478523223894,
        0.00011085266863437985,
        0.00031335600559635523,
        0.0005899547156056217,
        0.00014792883911290936
      ],
      [
        0.0003765325883888874,
        0.005855449745822445,
        0.0021122262881225454,
        0.0001390889085557813,
        0.0014625605826788283,
        -7.965869510916715e-05,
        0.0001891993963805696,
        0.0008452176896843917,
        9.927257283113232e-05,
        -0.0007026325116515118
      ],
      [
        -0.0018850727849442628,
        0.0021122262881225463,
        0.020265372665855163,
        -0.0032161406045632295,
        -0.004185407211490532,
        0.0007072634087428732,
        0.00046172150201631584,
        -0.001417430041211634,
        -0.002266579877299258,
        -0.0012084963710010952
      ],
      [
        0.0008232635664531919,
        0.00013908890855578366,
        -0.003216140604563223,
        0.01695847152818487,
        0.004742721212240417,
        0.0005203359800721224,
        -0.002159758059102129,
        -0.0004963248749334465,
        0.004338523857099334,
        0.002884612093024361
      ],
      [
        0.0004054631770126748,
        0.0014625605826788296,
        -0.004185407211490532,
        0.0047427212122403955,
        0.03167265801538001,
        -0.0005369815372941785,
        -0.003005318852147101,
        0.005312752534643475,
        0.006560195212004389,
        -0.003242759487114843
      ],
      [
        0.0002944147852322387,
        -7.965869510916717e-05,
        0.0007072634087428749,
        0.0005203359800721214,
        -0.0005369815372941813,
        0.0016668199889170235,
        7.978659519412448e-05,
        -0.00011382781164253143,
        -0.0003722711233023424,
        -0.00022956670468724639
      ],
      [
        0.00011085266863437961,
        0.00018919939638056905,
        0.0004617215020163144,
        -0.0021597580591021332,
        -0.003005318852147108,
        7.978659519412414e-05,
        0.004214339514465281,
        0.0015183701528486437,
        -0.002653189734077926,
        0.0025862412490209336
      ],
      [
        0.000313356005596354,
        0.0008452176896843902,
        -0.001417430041211631,
        -0.0004963248749334567,
        0.005312752534643446,
        -0.0001138278116425306,
        0.001518370152848644,
        0.008179434089956169,
        -0.005356846243292978,
        0.0008918248346358472
      ],
      [
        0.0005899547156056221,
        9.927257283113738e-05,
        -0.0022665798772992466,
        0.0043385238570993415,
        0.006560195212004428,
        -0.00037227112330234216,
        -0.0026531897340779233,
        -0.005356846243292963,
        0.00961216684222793,
        -0.0026736521705122284
      ],
      [
        0.00014792883911290971,
        -0.0007026325116515125,
        -0.0012084963710010995,
        0.0028846120930243607,
        -0.003242759487114844,
        -0.00022956670468724676,
        0.0025862412490209336,
        0.0008918248346358469,
        -0.0026736521705122284,
        0.005184596678135339
      ]
    ],
    [
      [
        0.01218163594617337,
        -0.0005465040396421067,
        -0.011955347025924136,
        -0.0004082883756056235,
        0.006504220347764597,
        0.004112984902711506,
        0.0028983229290783226,
        0.0034760951369886433,
        0.0012085953236546164,
        0.0032893418114909993
      ],
      [
        -0.0005465040396421086,
        0.00898731053646167,
        -0.0031477896671127034,
        0.0018861649679758734,
        0.003098655771368949,
        -0.003761145044602759,
        0.002724044006132034,
        0.0035189814658469396,
        -0.003934385085782457,
        0.003009278624649974
      ],
      [
        -0.011955347025924129,
        -0.0031477896671127047,
        0.05038809607159777,
        0.016238413231706068,
        -0.020969508489274095,
        -0.000512821707944084,
        -0.016668506033858544,
        -0.013957183155057302,
        -0.0047668290114997475,
        -0.016562361191838414
      ],
      [
        -0.0004082883756056136,
        0.0018861649679758788,
        0.016238413231706033,
        0.046112906750163156,
        -0.015465514156272984,
        0.0016102908100009774,
        -0.010275108150770098,
        -0.01075208780048235,
        0.002223543142168128,
        0.001871936470829849
      ],
      [
        0.0065042203477645956,
        0.003098655771368948,
        -0.020969508489274098,
        -0.01546551415627302,
        0.053960263561776765,
        -0.0015448166012125785,
        0.0027651677634192846,
        0.020538514303155304,
        -0.0003666491519607472,
        0.0009548524831406751
      ],
      [
        0.004112984902711511,
        -0.0037611450446027577,
        -0.0005128217079440888,
        0.0016102908100009768,
        -0.0015448166012125733,
        0.007342181782253806,
        0.0010847954928468156,
        -0.0027129524736201577,
        0.0033733576000443575,
        -0.0013351087944610883
      ],
      [
        0.0028983229290783213,
        0.0027240440061320347,
        -0.016668506033858544,
        -0.010275108150770111,
        0.0027651677634192864,
        0.0010847954928468134,
        0.013931232030326252,
        0.00031815111642400084,
        0.004127793624337027,
        0.008407399778034619
      ],
      [
        0.003476095136988635,
        0.003518981465846936,
        -0.01395718315505728,
        -0.010752087800482358,
        0.02053851430315528,
        -0.00271295247362016,
        0.00031815111642399113,
        0.016658580109543318,
        -0.00619619067344592,
        -0.0003860992132025259
      ],
      [
        0.0012085953236546235,
        -0.003934385085782455,
        -0.0047668290114997736,
        0.002223543142168117,
        -0.0003666491519607323,
        0.003373357600044358,
        0.004127793624337036,
        -0.006196190673445911,
        0.01041205546938624,
        0.002687166709326155
      ],
      [
        0.0032893418114910023,
        0.003009278624649978,
        -0.016562361191838435,
        0.0018719364708298227,
        0.0009548524831406923,
        -0.0013351087944610909,
        0.008407399778034627,
        -0.0003860992132025089,
        0.0026871667093261477,
        0.013022667875646966
      ]
    ],
    [
      [
        0.007504201833839473,
        0.007565991327005283,
        -0.011853829292553011,
        -0.006560216363700662,
        0.014912688447153922,
        0.0018040976146846124,
        0.0027347217894041313,
        0.008886783014358213,
        -0.004932627367679943,
        0.0004846847820885163
      ],
      [
        0.007565991327005278,
        0.03628714703011997,
        -0.0015244749621243457,
        0.0037773549052186424,
        0.04359880778890549,
        -0.001766311340808343,
        0.011319638623539102,
        0.011684594393771789,
        -0.004481037829168199,
        0.0038805464650317856
      ],
      [
        -0.011853829292553025,
        -0.0015244749621243588,
        0.08692588846094296,
        0.037778647480948384,
        -0.021479444461819812,
        -0.005146494366933649,
        -0.020185320924895642,
        -0.031718139612474765,
        0.023400793872807274,
        -0.01139616466569967
      ],
      [
        -0.0065602163637006605,
        0.003777354905218631,
        0.037778647480948335,
        0.10098731148095291,
        -0.06585321608553335,
        -0.005487322814132,
        -0.004415066586138358,
        -0.03552489730221227,
        0.015125024664744939,
        0.02199210458844297
      ],
      [
        0.014912688447153915,
        0.04359880778890554,
        -0.021479444461819725,
        -0.0658532160855333,
        0.17901186745187758,
        0.0062875541730433564,
        0.004348845050239496,
        0.05427424722447832,
        -0.0073606291055018,
        -0.024906126581371178
      ],
      [
        0.0018040976146846124,
        -0.0017663113408083384,
        -0.005146494366933642,
        -0.005487322814131995,
        0.006287554173043356,
        0.009085002609153119,
        0.004140379836158288,
        0.005188641290552721,
        -0.003762349190075836,
        -0.002105592645459653
      ],
      [
        0.0027347217894041344,
        0.011319638623539106,
        -0.02018532092489565,
        -0.004415066586138362,
        0.0043488450502394945,
        0.00414037983615829,
        0.0198563951260795,
        0.004373958780725079,
        -0.006574684874892018,
        0.01036058506613758
      ],
      [
        0.008886783014358213,
        0.011684594393771817,
        -0.031718139612474716,
        -0.03552489730221226,
        0.054274247224478385,
        0.0051886412905527216,
        0.00437395878072507,
        0.036257587928335756,
        -0.016971440193848948,
        -0.010186564593131256
      ],
      [
        -0.004932627367679943,
        -0.004481037829168194,
        0.023400793872807267,
        0.015125024664744965,
        -0.007360629105501816,
        -0.0037623491900758365,
        -0.006574684874892007,
        -0.01697144019384896,
        0.018503647630966957,
        -0.0026982470997003846
      ],
      [
        0.0004846847820885222,
        0.0038805464650317773,
        -0.011396164665699711,
        0.02199210458844294,
        -0.02490612658137118,
        -0.0021055926454596535,
        0.010360585066137582,
        -0.010186564593131237,
        -0.0026982470997004055,
        0.0214706585749973
      ]
    ],
    [
      [
        0.0060886096029826335,
        9.296449091626586e-05,
        -0.006655671995314525,
        -0.005183607264330961,
        0.008181758464994382,
        0.0025993570579701023,
        0.0028110244216831603,
        -0.0012488054249136969,
        0.006021164496046601,
        0.0017478078585244207
      ],
      [
        9.296449091626477e-05,
        0.02914456763424816,
        -0.00793499243771173,
        -0.025081933736564147,
        0.022759763069678484,
        -0.0017046473166053928,
        0.026039556591970405,
        -0.007567553168860796,
        0.010113405406728788,
        0.00896373680145229
      ],
      [
        -0.006655671995314513,
        -0.007934992437711721,
        0.054035099447347176,
        -0.021132840211930397,
        -0.022139706608929274,
        0.002702313089757482,
        -0.013909945858822858,
        -0.005379533323314405,
        -0.015530681271562069,
        -0.02745042208773606
      ],
      [
        -0.005183607264330969,
        -0.025081933736564144,
        -0.021132840211930362,
        0.12618130037921532,
        -0.029359423418688337,
        -0.009645549407327767,
        -0.03326682185554655,
        0.019516590849819947,
        -0.011503413441011615,
        0.02105116095626786
      ],
      [
        0.008181758464994382,
        0.022759763069678467,
        -0.02213970660892937,
        -0.02935942341868824,
        0.1100644270084025,
        0.00042686088099425334,
        0.014752110678993834,
        0.007565702280742858,
        0.037836633549504686,
        0.003884821581729814
      ],
      [
        0.002599357057970103,
        -0.0017046473166053909,
        0.002702313089757473,
        -0.009645549407327769,
        0.0004268608809942577,
        0.0064576545849827915,
        0.0024177569115785267,
        0.0007204384067159545,
        -0.0014164571123572352,
        -0.0021135667825310732
      ],
      [
        0.002811024421683159,
        0.026039556591970416,
        -0.013909945858822843,
        -0.03326682185554661,
        0.01475211067899386,
        0.0024177569115785254,
        0.04265126619897371,
        -0.019484968228800945,
        0.018963856244805708,
        0.0198777245415183
      ],
      [
        -0.0012488054249137014,
        -0.007567553168860819,
        -0.005379533323314421,
        0.019516590849820006,
        0.0075657022807427655,
        0.0007204384067159526,
        -0.019484968228800952,
        0.03943346031300047,
        -0.0287858822976072,
        -0.006040548442093476
      ],
      [
        0.006021164496046605,
        0.010113405406728811,
        -0.015530681271562107,
        -0.01150341344101162,
        0.037836633549504776,
        -0.0014164571123572373,
        0.018963856244805722,
        -0.02878588229760717,
        0.04678456867949554,
        0.011381070999589807
      ],
      [
        0.001747807858524416,
        0.008963736801452286,
        -0.027450422087736046,
        0.02105116095626784,
        0.0038848215817297647,
        -0.0021135667825310763,
        0.019877724541518305,
        -0.0060405484420934935,
        0.011381070999589788,
        0.029084018674947424
      ]
    ]
  ],
  "mu": [
    [
      0.15900348534406883,
      0.08402956443010978,
      -0.2512290609951746,
      0.41223470319285216,
      0.18394802577106706,
      0.007986539130853898,
      -0.03637300361507667,
      0.07684529704996912,
      -0.24613837850071807,
      -0.5020007846052583
    ],
    [
      -0.05027507844641976,
      0.16541710272759086,
      -0.6783643371945542,
      -0.8118789703528018,
      0.41441530880816124,
      -0.15020458473730913,
      0.425381676999097,
      0.14197047296697918,
      0.45552105210080396,
      0.16160879729892053
    ],
    [
      -0.11007355289537352,
      -0.21921247663278576,
      -0.3062542762975482,
      -0.5203122546382719,
      -1.6088204118947549,
      -0.006864565125533906,
      0.6543946575165869,
      -0.2696869868779168,
      -0.0848145891541523,
      0.6241558094772692
    ],
    [
      0.14067867873515771,
      -0.15946086438630935,
      0.4758566281415382,
      0.35422424430155086,
      0.07005798273438923,
      0.2717340215772503,
      0.11237769218578375,
      0.27669814895835065,
      -0.13557666428375725,
      0.688162491941025
    ]
  ]
}